-1.646626742851941438e+00 8.032461078038123370e-01 8.592336894797314439e-01
-1.622998365372358531e+00 7.985084242790179143e-01 8.603207813681268412e-01
-1.452747198458319788e+00 7.534763601996796734e-01 8.619475884502543206e-01
-1.141227900560621400e+00 6.629706333102151072e-01 8.641102932689795901e-01
-9.126731234824416727e-01 5.907652122614481804e-01 8.668041397987621410e-01
7.528193313305142631e-01 4.262076963757915199e-02 8.700234418222876354e-01
2.720713505586558778e+00 -6.090350614943933483e-01 8.737615918694290329e-01
4.346672974188839689e+00 -1.122442186362221817e+00 8.780110704603432126e-01
5.982208651649984610e+00 -1.639631085226709972e+00 8.827634554377201681e-01
7.286527432371728175e+00 -2.008999483892630611e+00 8.880094312471265017e-01
8.581048961154458254e+00 -2.409366780748579906e+00 8.937387981305593421e-01
9.250444951194840115e+00 -2.626117124495496391e+00 8.999404813355182942e-01
9.954138238580846121e+00 -2.838559135833581770e+00 9.066025406055451263e-01
1.066615102846464325e+01 -3.036389507598359572e+00 9.137121803999976866e-01
1.174384407621986526e+01 -3.319054987222431308e+00 9.212557614789245175e-01
1.318431027387297760e+01 -3.689519138622605610e+00 9.292188146682757166e-01
1.427406546426859002e+01 -3.918395291978757911e+00 9.375860577742241020e-01
1.574358837433118730e+01 -3.977503510991512670e+00 9.554571261578452823e-01
1.712343033198434838e+01 -4.011635693498643462e+00 9.691611307590730640e-01
1.764429830264389665e+01 -4.195937676813521477e+00 1.010819096132267836e+00
1.800888267978239554e+01 -4.188526540245195662e+00 1.039040809397233645e+00
1.837147310205833151e+01 -4.155823556410767949e+00 1.067602750069235995e+00
1.873071251698153006e+01 -4.099642784764296444e+00 1.096489021478903370e+00
1.946744741863174966e+01 -3.924835396289995781e+00 1.125683213628655199e+00
1.981301775043578317e+01 -3.813395748869498725e+00 1.155168442874608736e+00
2.014997104897853575e+01 -3.678263689483810772e+00 1.184927390424700633e+00
2.047543957966924211e+01 -3.517151421039001136e+00 1.214942339612544941e+00
2.079148050375745527e+01 -3.338036708929278173e+00 1.245195211939526869e+00
2.109204737387753781e+01 -3.133259619881638258e+00 1.275667601908824667e+00
2.138003417390979166e+01 -2.910568848522316898e+00 1.306340810707245392e+00
2.165447185894596061e+01 -2.670711861043494562e+00 1.337195878825888640e+00
2.191334438341675295e+01 -2.413298526460608606e+00 1.368213617749573174e+00
2.266246092102262111e+01 -1.629173431830083452e+00 1.405724937151087151e+00
2.257365721629645350e+01 -1.731689027287227844e+00 1.463117605147595590e+00
2.273847092417863536e+01 -1.592055617096411968e+00 1.440136329586412467e+00
2.296645312460643140e+01 -1.221100270865701498e+00 1.520583605617146672e+00
2.283757785824608888e+01 -1.589328174807370431e+00 1.520583605617146672e+00
2.318104201997574165e+01 -7.048494464015503391e-01 1.587717676071080941e+00
2.330275619929574304e+01 -2.896450844346759035e-01 1.668257798513028911e+00
2.357518684074467785e+01 5.637310707846041602e-01 1.641410493492473588e+00
2.367275318292023556e+01 9.836004192227905119e-01 1.721906847473079871e+00
2.369096757988280899e+01 8.323784037530828073e-01 1.695084671009999600e+00
2.380674982518865335e+01 1.647081014802869170e+00 1.775474394001469225e+00
2.390931808104316048e+01 2.225516044965142548e+00 1.775474394001469225e+00
2.396111103370001416e+01 2.924684735329994290e+00 1.815530936341215984e+00
2.396880260068649449e+01 3.862214561399716750e+00 1.935531704379494400e+00
2.398549124112687281e+01 4.285742130290854490e+00 2.015261700062282557e+00
2.398060283701034479e+01 5.102474525854279186e+00 2.094732632271606221e+00
2.393801660535867626e+01 6.706203918208170300e+00 2.173900278532038488e+00
2.365647997644521894e+01 7.573508211722282724e+00 1.967296719971776575e+00
2.344023145260753438e+01 8.804101858230447775e+00 1.903339874875071169e+00
2.320619792412771432e+01 1.041047223981820480e+01 1.839274536084274381e+00
2.297739009705359337e+01 1.199878491651104540e+01 1.775139085496133529e+00
2.277642746493928172e+01 1.316741669215407029e+01 1.710972075749782162e+00
2.254675912596989562e+01 1.467433153963029646e+01 1.646812167030115015e+00
2.230423168515526555e+01 1.617942023049793221e+01 1.582698063776827979e+00
2.201283046074743766e+01 1.804601200427605789e+01 1.518668451478016435e+00
2.169100517581298249e+01 2.002674653203530752e+01 1.454761933724467715e+00
2.154710130368712129e+01 2.214563741824143861e+01 1.447807579445624881e+00
2.136836956131592302e+01 2.341948689973851572e+01 1.412589259090865301e+00
2.122016744255855514e+01 2.429655143132839612e+01 1.377540485224439726e+00
2.114155208339664682e+01 2.478365020028713417e+01 1.342682130823542153e+00
2.082479752564447040e+01 2.514461017364629214e+01 1.252566055942698320e+00
2.059582784823528101e+01 2.555632065802480923e+01 1.190481923930243990e+00
2.048635311527867486e+01 2.589132167858847566e+01 1.183627859112741598e+00
2.010653650983814344e+01 2.659939132193375855e+01 1.149606133966579069e+00
1.988902810652048458e+01 2.694510879133014924e+01 1.115908762955366784e+00
1.965706745175724635e+01 2.728029352453094347e+01 1.082554798215811687e+00
1.940355531126262889e+01 2.759828039853553605e+01 1.049562837638660762e+00
1.926999251690794068e+01 2.784183574973435782e+01 1.053908204159240913e+00
1.904329689701155459e+01 2.808846130508423755e+01 1.040132136310018218e+00
1.879581784042086312e+01 2.830834210882225221e+01 1.026730435503068195e+00
1.853343921965039343e+01 2.850514165327249572e+01 1.013709665485387879e+00
1.812061890372935125e+01 2.872970255226982772e+01 9.656220866776669132e-01
1.775807034360166270e+01 2.890384632774761187e+01 9.510221808402739008e-01
1.739247891906783394e+01 2.905993105509112340e+01 9.291762364997067092e-01
1.721279047006221674e+01 2.919114264394585945e+01 9.252644961585073657e-01
1.693753080679111633e+01 2.932283300256347047e+01 9.130297665336655211e-01
1.665697682438644733e+01 2.943385758953961329e+01 9.012313986840118085e-01
1.623640873125341955e+01 2.961914579586080265e+01 8.536274817301419127e-01
1.586800567341680690e+01 2.969303691287494473e+01 8.633006095154575066e-01
1.551306068090117130e+01 2.980655595885660603e+01 8.347459368604441821e-01
1.515739924566807950e+01 2.990691196702102417e+01 8.066669525107320604e-01
1.481689180296537245e+01 2.996397546260814693e+01 8.042290551407170751e-01
1.407501406520184695e+01 3.004625483805374486e+01 7.896914186836504479e-01
1.372758510556590039e+01 3.008699550837299697e+01 7.756407880782110187e-01
1.338136144902865610e+01 3.011882359620561900e+01 7.620812933938923006e-01
1.303649655207364333e+01 3.014340438761955454e+01 7.490164890495705219e-01
1.229869472313308698e+01 3.014883443857727130e+01 7.364493570762332686e-01
1.156439206445929457e+01 3.011877597351839952e+01 7.243823117161660718e-01
1.083472545644949214e+01 3.005664973153751873e+01 7.128172053679089348e-01
9.951689422123894957e+00 3.000287494305334235e+01 6.825306195751903449e-01
8.910041371407816158e+00 2.995756956893676559e+01 6.674836040671274784e-01
8.948107539591468651e+00 2.990892630911609018e+01 6.503890452933760447e-01
7.447704614995858563e+00 2.980473684696397285e+01 6.332944865196244999e-01
6.674362563627820322e+00 2.975187026518177191e+01 6.169696690190957789e-01
5.560252130358407818e+00 2.971770882544132064e+01 5.937043611951767774e-01
4.426255163865799425e+00 2.962817937139809388e+01 5.746812970945023302e-01
3.305394821556820961e+00 2.945224110324116396e+01 5.746812970945023302e-01
2.570647382614774656e+00 2.937781069618757357e+01 5.659414106745430662e-01
1.199381519039034671e+00 2.912537990504949192e+01 5.448612375166961286e-01
1.623506068962915216e-01 2.891825683808182035e+01 5.060347742533267690e-01
-5.874006023543743016e-01 2.878069099707933276e+01 4.800532471108560628e-01
-1.344723801755695058e+00 2.865126847055629611e+01 4.753601950267413168e-01
-2.084281837056695785e+00 2.847862866301336027e+01 4.607762231426559274e-01
-2.423936262578197276e+00 2.839193490852129287e+01 4.279122969156357037e-01
-2.762678308141286898e+00 2.829612964213574955e+01 4.049277873159254360e-01
-3.115467880170152082e+00 2.813920274148583189e+01 4.049277873159254360e-01
-3.445689406656979425e+00 2.798843781189906110e+01 3.941710933288888885e-01
-3.762626026173214289e+00 2.781947579868738529e+01 3.839024583183208716e-01
-4.034016392464057965e+00 2.767521920155053294e+01 3.535798723954696188e-01
-4.305141320459005883e+00 2.749232139948446019e+01 3.340066362910770748e-01
-4.559357369831852580e+00 2.729264868650332687e+01 3.149120462100751805e-01
-4.779299118321839401e+00 2.693903523086052587e+01 3.139727387948952897e-01
-4.989556904022217410e+00 2.664144309476229822e+01 3.046653199396427425e-01
-5.181040195793041647e+00 2.633170859194200730e+01 2.958271446987279507e-01
-5.353151982403675291e+00 2.601124397100423735e+01 2.874552118407598389e-01
-5.546529335375070424e+00 2.568497854396940028e+01 2.900900942231713353e-01
-5.672814996771611717e+00 2.534420609965746607e+01 2.826494208793761120e-01
-5.783242378941462647e+00 2.499915983992893587e+01 2.756691985173054249e-01
-5.879962315817675034e+00 2.465166625653882448e+01 2.691456912156308112e-01
-6.063654142442204353e+00 2.410957728764523011e+01 2.691456912156308112e-01
-6.110844101372777892e+00 2.384703472602012653e+01 2.665668618140704105e-01
-6.166371032375817407e+00 2.340895167243348141e+01 2.592784652481193719e-01
-6.196401369117703339e+00 2.305955020428585556e+01 2.550127603645712671e-01
-6.265050921812373552e+00 2.232100987092773892e+01 2.511869308521088029e-01
-6.256288857709963125e+00 2.197504038421288541e+01 2.477973871734355793e-01
-6.285730256305132713e+00 2.134018120661088602e+01 2.487814455409341485e-01
-6.265739179434540951e+00 2.100211106958818519e+01 2.462639010702150910e-01
-6.236767219928426087e+00 2.065478100276782669e+01 2.461945975575581258e-01
-6.243630256364371078e+00 1.953000213539465335e+01 2.455526773658479878e-01
-6.244387058532637980e+00 1.883469186811854001e+01 2.450683520463437237e-01
-6.260160084647021783e+00 1.733913010216014783e+01 2.451583587685985943e-01
-6.231221888591086611e+00 1.597691544006538678e+01 2.456253119839464927e-01
-6.246441475441818270e+00 1.502415094879975044e+01 2.474975067166423348e-01
-6.237656182939015359e+00 1.393807667303549636e+01 2.493476950483877741e-01
-6.228436258332598285e+00 1.208705346752810605e+01 2.516465749722888168e-01
-6.222802850571611089e+00 1.066152561116259712e+01 2.543977475508426012e-01
-6.228275315467792339e+00 9.170029706112861945e+00 2.576043825673562937e-01
-6.305618081785761220e+00 7.283131273851768839e+00 2.612689388189375350e-01
-6.403729142767614846e+00 5.398561823316815556e+00 2.653929128250804292e-01
-6.503740701600334795e+00 3.914724685058607268e+00 2.699766343746923258e-01
-6.579734456829266165e+00 2.829714201102674132e+00 2.750191233976414518e-01
-6.594428353839465018e+00 2.141051796907360139e+00 2.805180166444993795e-01
-6.579044319962902065e+00 1.850546445902090387e+00 2.864695655013567155e-01
-6.545478120150186818e+00 1.559584439215224494e+00 2.928687005330277149e-01
-6.342154543136029332e+00 1.022615423521034295e+00 3.068702783581370719e-01
-6.159950348907148765e+00 3.875369323239104546e-01 3.079185873148283514e-01
-5.970564961299642093e+00 -1.469816524144969550e-01 3.229178588011003548e-01
-5.976149425641921198e+00 -2.023179424325870779e-01 3.190121021794879441e-01
-5.846788271968268447e+00 -4.791508420786961819e-01 3.229389735671572281e-01
-5.694667197620391974e+00 -7.451633655643541410e-01 3.272271313690365835e-01
-5.416123212182931468e+00 -1.090717803826109833e+00 3.439837773567178125e-01
-5.334457764374764821e+00 -1.280115309869232165e+00 3.467214421185378370e-01
-5.048402303833029237e+00 -1.656987428242831850e+00 3.677550498220625297e-01
-4.737263940197803613e+00 -2.011894568818666684e+00 3.891598497869314111e-01
-4.409487817656383868e+00 -2.348501586438679567e+00 4.109457804565623817e-01
-4.067104324588653341e+00 -2.666584021909942592e+00 4.331235777301087331e-01
-3.766964178846477829e+00 -2.908853862548445246e+00 4.318669839963698576e-01
-3.423090515656687760e+00 -3.155760960373485080e+00 4.429220242297101096e-01
-3.064777366195093222e+00 -3.377985022366853940e+00 4.543824723711691327e-01
-2.693346373702103946e+00 -3.574547862519801722e+00 4.662555728313289571e-01
-2.309418807378651461e+00 -3.743154390362037454e+00 4.785486429044818468e-01
-1.917302156189557572e+00 -3.888948035505013667e+00 4.912688535559564529e-01
-1.519173452847690786e+00 -4.014588738823185565e+00 5.044230145924750719e-01
-1.115722272830516504e+00 -4.119890252277805587e+00 5.180173729579082842e-01
-7.096488568172126810e-01 -4.205805891351614534e+00 5.320574314635256874e-01
-2.992148293328233954e-01 -4.269667040347981946e+00 5.465477936377960422e-01
1.153544337854597590e-01 -4.308198122754085091e+00 5.614920386800651420e-01
5.313565019716348647e-01 -4.330950203216550776e+00 5.768926288216786880e-01
1.709582703846300733e+00 -4.453719620805362212e+00 5.927508498147184834e-01
2.467297251512883260e+00 -4.490002012054524982e+00 6.090667838405938728e-01
4.131600707436302145e+00 -4.312412287518588627e+00 6.377803858833388517e-01
5.410089889097767113e+00 -4.404405655305401623e+00 6.841813765049550300e-01
7.037614881015120893e+00 -4.431740738093959742e+00 7.194326195073115215e-01
9.065286118528542048e+00 -4.429070553350110018e+00 7.551302682198566263e-01
1.029534942230186800e+01 -4.392671043946423381e+00 7.912682651137070700e-01
1.112654186050740535e+01 -4.333608507791909759e+00 8.278394739003009928e-01
1.195743862958010695e+01 -4.258034557829017075e+00 8.648357656001086635e-01
1.278762776101615195e+01 -4.161352603710669840e+00 9.022481109235791497e-01
1.317281195544366490e+01 -4.233958019317419108e+00 9.375860577742241020e-01
1.598616741986320555e+01 -4.149339849076024933e+00 9.691611307590730640e-01
1.782671092457346163e+01 -3.850018274394397366e+00 1.029697643523592276e+00
1.826449703425623028e+01 -3.743410294934175209e+00 1.077292804844064866e+00
1.908368302619321355e+01 -3.554625088524112186e+00 1.125187930889947285e+00
1.951370410272381406e+01 -3.411355147295473955e+00 1.173356280456339107e+00
1.994060849436525018e+01 -3.257063847624342756e+00 1.221770688028411822e+00
2.036363481725346247e+01 -3.090386502814678416e+00 1.270403629697629322e+00
2.078241167269282030e+01 -2.911515618450526421e+00 1.319227288321080493e+00
2.119715850371941812e+01 -2.722137067913671604e+00 1.368213617749573174e+00
2.384763769077977713e+01 2.152728708465686758e+00 1.815530936341215984e+00
1.909958970049144966e+01 2.791787704028855188e+01 1.031445786167389578e+00
1.878723563527818996e+01 2.822930779543914070e+01 1.013709665485387879e+00
1.779505324629640128e+01 2.890680697106278885e+01 9.583613269772867094e-01
1.799744789792419652e+01 2.873916142245526828e+01 9.127882862758073257e-01
1.700780643547251714e+01 2.930188970822772632e+01 9.012313986840118085e-01
1.477758012388209075e+01 2.995586051631555335e+01 7.945645687599710572e-01
1.438673169195131507e+01 3.002599577748150850e+01 7.737451696424946235e-01
1.400223344243356394e+01 3.006289130113313490e+01 7.580190436126751363e-01
1.324416386271034085e+01 3.008745275770796468e+01 7.427884050113403580e-01
1.248738030787063735e+01 3.010646428372280070e+01 7.280567756525646583e-01
1.173292189675368036e+01 3.009839033118473139e+01 7.138271143647377803e-01
1.023029613791496395e+01 3.008052474397738152e+01 6.924576735472258715e-01
3.311002673847807110e+00 2.949553683025875728e+01 5.659414106745430662e-01
1.955310947682864953e+00 2.935719899527795107e+01 5.554012985298497629e-01
-6.007410788650459743e+00 2.420731029767609499e+01 2.665668618140704105e-01
-6.271728051017250394e+00 2.063842812447482800e+01 2.456911995529841297e-01
-6.268330691593899218e+00 2.027922841958581301e+01 2.455526773658479878e-01
-6.241441779788432953e+00 1.635160530053223127e+01 2.456253119839464927e-01
-6.272498306402772172e+00 7.534850113457443044e-01 3.121398839317205964e-01
-6.091477606181750382e+00 2.269910275009490719e-01 3.229178588011003548e-01
-5.835494251534287358e+00 -3.782258042525412645e-01 3.272271313690365835e-01
-3.716562887364080581e+00 -2.913760172477902533e+00 4.454350059736925660e-01
-3.356743497846117474e+00 -3.140967022838481171e+00 4.581515611512382291e-01
-2.988506512310175722e+00 -3.347924760608700367e+00 4.712804374076426384e-01
-2.612473514444739742e+00 -3.533983369217617465e+00 4.848289296415842498e-01
-2.227439486356731280e+00 -3.694141302765404866e+00 4.988042151320899453e-01
-1.834674161475981613e+00 -3.827756507789195961e+00 5.132131372406649739e-01
-1.435528120566175403e+00 -3.934335614502006084e+00 5.280619997811745181e-01
-1.032100217047309698e+00 -4.016661292595130384e+00 5.433563793634144101e-01
-6.389785691114953092e-01 -4.084977708172523592e+00 5.591009615656006293e-01
-2.449024441606127978e-01 -4.140309414999698845e+00 5.752994052758094723e-01
1.501328871020619626e-01 -4.181195532409942572e+00 5.919542380417838201e-01
1.335985180917446336e+00 -4.333028916357548610e+00 6.090667838405938728e-01
2.990280541578265172e+00 -4.457882656988624959e+00 6.377803858833388517e-01
1.804143854797987956e+01 -4.011942425004892065e+00 9.292387870707946584e-01
1.917873904268909868e+01 -3.827486296348135308e+00 9.029976731041484683e-01
2.069026793723165980e+01 -3.564780219866671374e+00 8.771785939563918610e-01
2.219689165835652744e+01 -3.274182946184622356e+00 8.517892521548789952e-01
2.407311440688251736e+01 -2.883519402888739869e+00 8.268366913815270447e-01
2.557165944299863014e+01 -2.554048628427556977e+00 8.023273065312458430e-01
2.706495303427804799e+01 -2.201598044355741468e+00 7.782668535792318654e-01
2.818343798305225434e+01 -1.925673065123305383e+00 7.546604593537280525e-01
2.892042196790354325e+01 -1.697662461977117676e+00 7.315126313186151030e-01
3.002589844949677200e+01 -1.372368978335555489e+00 7.088272674706933563e-01
3.074926394384865347e+01 -1.103129504132538186e+00 6.866076664515594619e-01
3.109861510103141313e+01 -9.230282384295496190e-01 6.648565379651562024e-01
3.143678134325986662e+01 -7.197879183468296471e-01 6.435760135806878335e-01
3.176214721255254148e+01 -4.942145033297887791e-01 6.227676579877112761e-01
3.207315948544047046e+01 -2.472166733846896114e-01 6.024324807566638906e-01
3.236737958102524715e+01 2.143472248020692611e-02 5.825709486445203034e-01
3.292284924807596269e+01 5.701385950704844774e-01 5.631829984721351545e-01
3.317201281038393290e+01 8.846871351511799153e-01 5.442680505874647467e-01
3.340316923012001382e+01 1.213399466880258792e+00 5.258250229174739054e-01
3.361163845321767951e+01 1.557910293349280106e+00 5.078523456012506987e-01
3.379763356898163096e+01 1.915783284888610050e+00 4.903479761877310161e-01
3.396025664069446748e+01 2.285503805651355691e+00 4.733094153734740406e-01
3.409728045778047090e+01 2.666117177670959570e+00 4.567337232491124333e-01
3.421237124493761428e+01 3.054263092061515916e+00 4.406175360173596456e-01
3.440965379154103232e+01 3.815562750220043320e+00 4.249570831407308291e-01
3.446894910476255802e+01 4.217180993376119957e+00 4.097482048733433468e-01
3.455909696661571218e+01 4.999679916206273056e+00 3.949863701282237960e-01
3.463310079104630290e+01 6.167083448681602853e+00 3.806666946293841836e-01
3.462268053579481375e+01 6.573723947127518841e+00 3.667839592964570739e-01
3.458729508057236046e+01 7.361334020773137254e+00 3.533326288088268763e-01
3.448517038263874923e+01 8.909845066224669097e+00 3.403068702958894631e-01
3.438911491359564820e+01 9.692436851314598201e+00 3.277005721002521077e-01
3.419504901244137329e+01 1.123208972947185380e+01 3.155073625612916377e-01
3.404280453328833289e+01 1.239161149662495376e+01 3.037206287674639738e-01
3.386750908335514509e+01 1.354781574917662290e+01 2.923335352270585719e-01
3.373204476877413072e+01 1.432354068659637036e+01 2.813390424086672503e-01
3.358383781938578494e+01 1.509681478763436147e+01 2.707299251044550381e-01
3.343218420875048480e+01 1.586913558542208769e+01 2.604987905713370133e-01
3.327866249395343345e+01 1.664078718983166283e+01 2.506380964073555706e-01
3.306219946221429495e+01 1.778867316918509900e+01 2.411401681228790561e-01
3.287092958181651170e+01 1.894044390193431582e+01 2.319972163686854771e-01
3.278070950664383787e+01 1.933463985596024060e+01 2.232013537855257745e-01
3.262315181561228883e+01 2.010444977088825169e+01 2.147446114423571806e-01
3.240149353752644146e+01 2.125049567726306776e+01 2.066189548330806258e-01
3.209131837350101080e+01 2.276831720367419010e+01 1.988162994042872167e-01
3.170507318503999272e+01 2.466021677326746797e+01 3.080460346404734762e-01
3.141808331200605764e+01 2.618187045967143689e+01 4.564883477786373933e-01
3.108608049489468073e+01 2.808312920272325286e+01 8.222783013969523491e-01
3.093263990885922254e+01 2.885270160445261922e+01 9.676657624006596015e-01
3.066176650786017532e+01 3.037684461208744935e+01 1.234983001954124582e+00
3.050541024695083436e+01 3.114572582724734318e+01 1.360334653964183849e+00
3.018610266625811178e+01 3.304855064169040446e+01 1.622679905243602061e+00
2.985264036366998042e+01 3.494920707089615064e+01 1.885283370933155567e+00
2.948051117030646751e+01 3.684309622936279283e+01 2.185762239376467075e+00
2.922907949882651479e+01 3.798246891614714116e+01 2.472526716949081216e+00
2.886127398414119227e+01 3.948732439172084696e+01 2.843881800683303318e+00
2.853922158867401748e+01 4.061009725551468819e+01 3.121429228394480671e+00
2.821534752129180745e+01 4.173249562786655531e+01 3.631212648333193016e+00
2.807633050902309435e+01 4.211348736449642871e+01 3.812451189359156611e+00
2.770254098347752603e+01 4.322124879055164826e+01 4.364621739184215699e+00
2.744091715022845079e+01 4.396408444638709767e+01 4.731626011926698183e+00
2.728077630038320223e+01 4.433811587515343433e+01 4.913456913151980743e+00
2.742807097638170077e+01 4.401438617707488277e+01 4.724743793805702197e+00
2.722397200717031041e+01 4.436888735024940900e+01 4.906934581866869927e+00
2.701419876979562673e+01 4.472052387646975546e+01 5.089295220432649813e+00
2.679743743582371707e+01 4.506843632251614906e+01 5.271819173986111551e+00
2.657279118523091199e+01 4.541190643338283905e+01 5.434710167825966387e+00
2.633741767411588697e+01 4.574885306981465050e+01 5.597383491636040098e+00
2.586717445829037132e+01 4.638777712960895627e+01 5.925406863934253643e+00
2.560228893725392396e+01 4.670392185338472046e+01 6.088363486328063345e+00
2.507811756111198775e+01 4.730123275411990136e+01 6.433626513370674260e+00
2.478659423119711391e+01 4.759471901421122197e+01 6.635108382037672392e+00
2.448245459124279577e+01 4.787590497961384273e+01 6.848919108325370431e+00
2.416524831904241921e+01 4.814304059426525839e+01 7.062225361217063124e+00
2.383761217537138322e+01 4.839795751771039534e+01 7.275643039967217618e+00
2.349915378052039472e+01 4.863896525383447056e+01 7.489167167455704543e+00
2.283520079459093921e+01 4.908079274524436642e+01 7.917849350212414983e+00
2.247632408445640451e+01 4.929129014514920470e+01 8.131572071722683148e+00
2.211015673478614474e+01 4.948928271334102647e+01 8.345387249508320338e+00
2.173854329810573205e+01 4.967732087783220862e+01 8.559290527911915802e+00
2.136050314936462513e+01 4.985240267834500116e+01 8.773277702671553158e+00
2.097653555050399987e+01 5.001430183939757512e+01 8.987344718876906668e+00
2.058662856358687065e+01 5.016133845535259894e+01 9.201487668729166458e+00
2.019328511996788222e+01 5.029924817869311937e+01 9.415702789122345706e+00
1.979503006579324520e+01 5.042194186678727874e+01 9.546158400700901936e+00
1.939051520411558727e+01 5.052007965681521995e+01 9.655264690675554817e+00
1.898303954016536110e+01 5.060412716412994882e+01 9.744547606189671640e+00
1.857398554979732452e+01 5.068018204574202912e+01 9.836306020963188956e+00
1.816299209437988438e+01 5.074355994576892215e+01 9.928119866077203426e+00
1.775049657951096549e+01 5.079420915531735403e+01 1.001998618786006823e+01
1.733687822185399341e+01 5.083053176606136958e+01 1.011190215675947002e+01
1.692269654547120439e+01 5.085094116864860325e+01 1.020386506405997551e+01
1.650898284409452543e+01 5.084919843067117995e+01 1.029587231855433060e+01
1.609600999873867977e+01 5.083469780882251143e+01 1.039138680727934982e+01
1.568421916626788715e+01 5.080747781281423414e+01 1.048694079983122052e+01
1.451877154406017567e+01 5.065484538751796606e+01 1.077415450361114857e+01
1.373648623165509086e+01 5.052625879170062007e+01 1.096559206410254816e+01
1.333015687194446741e+01 5.046431055346305072e+01 1.131336967071722377e+01
1.254280102992817802e+01 5.036015571515231670e+01 1.200910783253294767e+01
1.213255093130444351e+01 5.031437139533178993e+01 1.235694573203289437e+01
1.069646880047449855e+01 5.005617565881718178e+01 1.271745586731428546e+01
9.971086931352159510e+00 4.990870848885760580e+01 1.311141051277644465e+01
9.248561430434978803e+00 4.974918345654533880e+01 1.350538931221106864e+01
7.823894181805369108e+00 4.946721785579897102e+01 1.429338376978553882e+01
6.117477538653421476e+00 4.911912177605930907e+01 1.527839592912524225e+01
5.432751426019923890e+00 4.898732532118851424e+01 1.567243837020776631e+01
4.422146138678694882e+00 4.878376667121973753e+01 1.626349584593663167e+01
3.730028091191140760e+00 4.868369648718453391e+01 1.665757410145943851e+01
3.041127541949436797e+00 4.856678032725785243e+01 1.705166848548454084e+01
1.702727112241814389e+00 4.829766724178685422e+01 1.783977092204562354e+01
1.017720099095045683e+00 4.816183158147035215e+01 1.823389431887262191e+01
6.584652086695111928e-01 4.809718687974948637e+01 1.843103420430339412e+01
3.014055966848931956e-01 4.802431831062843770e+01 1.862818616118431692e+01
-3.697567771768354161e-01 4.783884382973189986e+01 1.902234582430804011e+01
-1.029229571652391817e+00 4.762047527705476568e+01 1.941651585253971746e+01
-1.376323625812796880e+00 4.751826702250556167e+01 1.961369895178815170e+01
-2.021613105049619996e+00 4.726560461175603223e+01 2.000788741074344301e+01
-2.654116694402912646e+00 4.698639058008518532e+01 2.040208402245336572e+01
-2.984504383226603608e+00 4.684875253355821201e+01 2.059929162020677751e+01
-3.311446555928876823e+00 4.670483691218898059e+01 2.079650610079569972e+01
-3.633343487661373050e+00 4.655241336080003123e+01 2.099372688438383960e+01
-3.947612628568782256e+00 4.638826940096889473e+01 2.119095342521457681e+01
-4.254578737660470900e+00 4.621382987294663991e+01 2.136275524429547801e+01
-4.554704394589176530e+00 4.603044322911064512e+01 2.151646873891479927e+01
-5.101894968067608005e+00 4.562269678302480713e+01 2.180687565662777416e+01
-5.387411590586795640e+00 4.542215145271061516e+01 2.192311938121540038e+01
-5.668049222695286993e+00 4.521632951314113313e+01 2.204659842734607977e+01
-6.170439463513377021e+00 4.476100305556789039e+01 2.230703592515294176e+01
-6.426673275183046208e+00 4.453228101170330433e+01 2.243738480473628982e+01
-6.668762363976391327e+00 4.429225272078075193e+01 2.256773608524201435e+01
-6.902851640023308200e+00 4.404633644246206359e+01 2.269808944859668287e+01
-7.313223034509162446e+00 4.351711207038188434e+01 2.293996996183766868e+01
-7.520201919997660411e+00 4.325391870400821404e+01 2.305176061678503885e+01
-7.712404286360932559e+00 4.298279533766441318e+01 2.316355249996162513e+01
-8.027260020821110231e+00 4.240096165173965659e+01 2.343476243716350638e+01
-8.188770659623280324e+00 4.211628489113127216e+01 2.356120859778172871e+01
-8.330545254286633394e+00 4.182478622129529811e+01 2.376995163694235202e+01
-8.452184438681957346e+00 4.152772569220573473e+01 2.401612567199553183e+01
-8.625958700605846019e+00 4.090085809754857848e+01 2.443004277628112675e+01
-8.773241539731795768e+00 4.026936228393635986e+01 2.478063204432098843e+01
-8.876242124339755790e+00 3.963239500115862768e+01 2.522061048910286374e+01
-8.925869833836079792e+00 3.932607774041728987e+01 2.548156974708677680e+01
-8.960016743645002890e+00 3.901984552500164227e+01 2.574252826161113461e+01
-8.960542170435576992e+00 3.838156038044878926e+01 2.625350213858600057e+01
-8.935580776582149554e+00 3.774542793556682341e+01 2.676447489135755831e+01
-8.877127295549941621e+00 3.711359756945068966e+01 2.694015316430797924e+01
-8.727764911165845518e+00 3.615938171012858504e+01 2.694041552707255605e+01
-8.617731158213796760e+00 3.553763258424450555e+01 2.694067619104185241e+01
-8.438550873698371646e+00 3.458970382576255531e+01 2.694093495869596211e+01
-8.239231811975095354e+00 3.364657986563373981e+01 2.694119162733005979e+01
-8.021203297931819520e+00 3.270838295898035142e+01 2.694144598768679799e+01
-7.784538177259786806e+00 3.177540709360898319e+01 2.694169782254614631e+01
-7.459457808856495120e+00 3.054673211577877012e+01 2.694194690526766323e+01
-7.164188716768723708e+00 2.945511755692825773e+01 2.694219299828005632e+01
-6.985122252536385190e+00 2.874419104572642425e+01 2.694243585151299669e+01
-6.680077253242973967e+00 2.766646801355923202e+01 2.694267520076605749e+01
-6.251339651210043868e+00 2.621155543370501562e+01 2.694291076600960366e+01
-5.822193694019974330e+00 2.481423665181896610e+01 2.694314224961255633e+01
-5.400897029569375007e+00 2.341426891065187021e+01 2.694336933449188365e+01
-4.997719513016273041e+00 2.200849753130740538e+01 2.694359168217876288e+01
-4.598057664493651053e+00 2.060164904359379534e+01 2.694380893079635442e+01
-4.410609172848700688e+00 1.991465732851352399e+01 2.694402069294422830e+01
-4.110412476025888218e+00 1.886974703696670019e+01 2.694422655348455464e+01
-4.450354269004902719e+00 1.815919894490256681e+01 2.694438570206454031e+01
-3.932007084344732561e+00 1.725566659280199389e+01 2.694469383627024683e+01
-3.824565759767105444e+00 1.681203216443103088e+01 2.694493112659917244e+01
-3.600722715285804121e+00 1.601163246351901392e+01 2.694516444852782655e+01
-3.369636778418228396e+00 1.521367191776156602e+01 2.694539413731177291e+01
-2.997649594678223117e+00 1.406746644991832795e+01 2.694562051636116706e+01
-2.725959608283545776e+00 1.336951945068074110e+01 2.694558246252343992e+01
-2.575133000294181240e+00 1.298559653925286739e+01 2.694567175176285900e+01
-2.406845066789181864e+00 1.261055434317138335e+01 2.694575795647926952e+01
-2.229480760284029195e+00 1.224054159670924236e+01 2.694584118765083502e+01
-2.047110632046894363e+00 1.187339415882080118e+01 2.694592154725263455e+01
-1.861084248556954535e+00 1.150837185795849393e+01 2.694599912891031579e+01
-1.668843980046661679e+00 1.114716797868885045e+01 2.694607401851132522e+01
-1.459163149684175487e+00 1.079783343848479582e+01 2.694614629477576173e+01
-1.233929968161670443e+00 1.046034977148139689e+01 2.694621602978882180e+01
-9.937876454805036897e-01 1.013550243901058323e+01 2.694628328949672280e+01
-7.394194540539841265e-01 9.824042235072074192e+00 2.694634813416785590e+01
-4.715468520854767531e-01 9.526683258856488479e+00 2.694641061882089872e+01
-1.909275043259597848e-01 9.244100988589064372e+00 2.694647079362150066e+01
1.016467943019297160e-01 8.976930461868363409e+00 2.694652870424901181e+01
4.053522864641309620e-01 8.725764567376321779e+00 2.694658439223474389e+01
7.170082359450966614e-01 8.487179523749190935e+00 2.694663789527301390e+01
1.038982247241309498e+00 8.266896508237524088e+00 2.694668924750629913e+01
1.370225091435424591e+00 8.065456906943317961e+00 2.694673847978554448e+01
1.709658891592802155e+00 7.883342335367867548e+00 2.694678561990675547e+01
2.056180537232061845e+00 7.720973143654999760e+00 2.694683069282475074e+01
2.406650628944848158e+00 7.571302378935778066e+00 2.694687372084497667e+01
3.130980064249365924e+00 7.373738608589592403e+00 2.694691472379411579e+01
3.493825052704277123e+00 7.287724667032490444e+00 2.694695371917011784e+01
4.233631810427143094e+00 7.223669524903712613e+00 2.694699072227225756e+01
4.973769445834827607e+00 7.172420887303307069e+00 2.694702574631165248e+01
5.713979401760125754e+00 7.120161105309597005e+00 2.694705880250254637e+01
6.454218464178853587e+00 7.079160249029426311e+00 2.694708990013470640e+01
7.194408850828139634e+00 7.047875292378504852e+00 2.694711904662696966e+01
7.934381091121506024e+00 7.026295078877135225e+00 2.694714624756206689e+01
8.673677977728068811e+00 7.020537419888245978e+00 2.694717150670259542e+01
9.794130450905736751e+00 6.923971998643976278e+00 2.694724351877945523e+01
1.091277897541856667e+01 6.845252369005321746e+00 2.694728924356672195e+01
1.221472531186877042e+01 6.848414632422494819e+00 2.694728924356672195e+01
1.306958252258833753e+01 6.824036853661292312e+00 2.694730919175311357e+01
1.311009967585442482e+01 6.813922621632212184e+00 2.694731519259960706e+01
1.402530292716624061e+01 6.771638868696264524e+00 2.694737713082958308e+01
1.529681474915223482e+01 6.890653808881635811e+00 2.694738813618690187e+01
1.576756479966862123e+01 7.003661967485276918e+00 2.694739251976384509e+01
1.650719688567584598e+01 7.132807879185484090e+00 2.694740298780540755e+01
1.723922389878514849e+01 7.293013860628266620e+00 2.694741144825074031e+01
1.758295394552241220e+01 7.372779054517648589e+00 2.694741788152389717e+01
1.792109032250149525e+01 7.468273282471914243e+00 2.694742226463375445e+01
1.825296053980363808e+01 7.579237114617138893e+00 2.694742457088598186e+01
1.857790403553763525e+01 7.705382814837784977e+00 2.694742476956052712e+01
1.889527337393330697e+01 7.846394889283462959e+00 2.694742282555248281e+01
1.917302516268587453e+01 7.972723529130651521e+00 2.694742145395821353e+01
1.945804632696611236e+01 8.127208733046384026e+00 2.694741653526332570e+01
1.973124807580970952e+01 8.298824536764112025e+00 2.694740939729981477e+01
1.998967955622113735e+01 8.489412975586063226e+00 2.694739999928124519e+01
2.023219753396866949e+01 8.698025508079313184e+00 2.694738829449961770e+01
2.045771936079304965e+01 8.923645626994064273e+00 2.694737422985764752e+01
2.066522701338985257e+01 9.165192719821106948e+00 2.694735774535185158e+01
2.085662700520833823e+01 9.334592352570105334e+00 2.694730479095955644e+01
2.102956161162131110e+01 9.559229894705177699e+00 2.694726600404790062e+01
2.124150074248136733e+01 1.007457808310538994e+01 2.694727377702291093e+01
2.140275499344184951e+01 1.046206407394196702e+01 2.694725410069339944e+01
2.154609859930249982e+01 1.085789215035569732e+01 2.694723153759794343e+01
2.169081341018139142e+01 1.128016159393503770e+01 2.694713181893862952e+01
2.180706416777741907e+01 1.169945159609587648e+01 2.694706555033115336e+01
2.180241075344487456e+01 1.137233352148021837e+01 2.694713772646810312e+01
2.182561261424177701e+01 1.142683601357081891e+01 2.694713583145088620e+01
2.182257835258950252e+01 1.148596363932173503e+01 2.694713068049624383e+01
2.194463925977512275e+01 1.240750390248124546e+01 2.694699092866827783e+01
2.197455334206643585e+01 1.343356145718563610e+01 2.694699092866827783e+01
2.198418979395153627e+01 1.482828446886145457e+01 2.694693013263071890e+01
2.200298624073113274e+01 1.633886260593428119e+01 2.694689656443366133e+01
2.201009077893507992e+01 1.883130529543569054e+01 2.694680383901347298e+01
2.211010858619159336e+01 1.885413804901654800e+01 2.694677787577165873e+01
2.207479562640706661e+01 1.993281927771027995e+01 2.694653678865953950e+01
2.203444421053092128e+01 2.100887607651068123e+01 2.694638121011723086e+01
2.190261823384189199e+01 2.182181597633054437e+01 2.694632581993667841e+01
2.177081400804184597e+01 2.256387031955756584e+01 2.694621005801521108e+01
2.161143583569332094e+01 2.330138905591763532e+01 2.694608672967140350e+01
2.174968533511417945e+01 2.292324551683316258e+01 2.694606052718003042e+01
2.156709196533572026e+01 2.324902610917926893e+01 2.694592119660710239e+01
2.166360456041550009e+01 2.299752952340989154e+01 2.694601039436261303e+01
2.141761712669842410e+01 2.347524574295697164e+01 2.694555653828598096e+01
2.124576836771064947e+01 2.371952613943641808e+01 2.694529888848982324e+01
2.100715811720879955e+01 2.403787352036262703e+01 2.694529888848982324e+01
2.076908965449221967e+01 2.429978034562274658e+01 2.694515255339676330e+01
2.076386265132527598e+01 2.429604602303666283e+01 2.694508844033410355e+01
2.067507744579577178e+01 2.444300307086287916e+01 2.694512955134930365e+01
2.040313308362160072e+01 2.461551103095629855e+01 2.694479906731399410e+01
2.033272936063093539e+01 2.470819973206464226e+01 2.694461251124753431e+01
1.998634266273031201e+01 2.488047535516336595e+01 2.694461885261891609e+01
1.970070425712518869e+01 2.499798409870993865e+01 2.694446667604703549e+01
1.940563254051751230e+01 2.510038810451139923e+01 2.694429845035316617e+01
1.910415828819527917e+01 2.519150901042591784e+01 2.694411326066396839e+01
1.843804955121670730e+01 2.543709932580409472e+01 2.694391010140955700e+01
1.775302020045759832e+01 2.564155959305917065e+01 2.694368787217358019e+01
1.705673267162663365e+01 2.581739175398251263e+01 2.694344537331833322e+01
1.534164320288177663e+01 2.602185859235763488e+01 2.694311265063329586e+01
1.382266853465285905e+01 2.626990289295712699e+01 2.694279063252845674e+01
1.246386439995840867e+01 2.644909754310343430e+01 2.694244346423769798e+01
1.130725109757513280e+01 2.656907922458236015e+01 2.694206933673594762e+01
9.660483769814828037e+00 2.681263892695439921e+01 2.694166631391066247e+01
8.057139833833929288e+00 2.694909178054421872e+01 2.694114158957892613e+01
7.151351741211435353e+00 2.712156410654891658e+01 2.694011491530003610e+01
5.883584806343838736e+00 2.733862817388486022e+01 2.694128223818497858e+01
4.896298177322421452e+00 2.746256938473140252e+01 2.694143574229412508e+01
3.906330717187864288e+00 2.757577640072933178e+01 2.694156065897189123e+01
3.573300298653883100e+00 2.748448349449191142e+01 2.694165766751901714e+01
3.237601773842150976e+00 2.737660363225595717e+01 2.694172732500921086e+01
2.900053228129235716e+00 2.725201859455673770e+01 2.694177006810121000e+01
2.561477502471319667e+00 2.711065060258977866e+01 2.694178621464810774e+01
2.222700127939801540e+00 2.695246236096444292e+01 2.694177596510711226e+01
1.884896590350384482e+00 2.677184997696093660e+01 2.694173940375391396e+01
1.593191989663076846e+00 2.665135208320141658e+01 2.694259587511957932e+01
1.342737860308933051e+00 2.644601245795966804e+01 2.694259587511957932e+01
1.066549739773306360e+00 2.623453255132926643e+01 2.694276491626585823e+01
7.956937234619805288e-01 2.600442235882013620e+01 2.694291495114039847e+01
5.312130498594794803e-01 2.575600476306293274e+01 2.694304693537984718e+01
2.724626728187931057e-01 2.549353010484315973e+01 2.694316174101599159e+01
2.066466447056138772e-02 2.521599237242366343e+01 2.694326015989269152e+01
-2.261030891338562110e-01 2.492869646895679381e+01 2.694334290689655376e+01
-5.260732683900092299e-01 2.465770305877220636e+01 2.694357755325599157e+01
-7.228092564805519427e-01 2.412272933357434113e+01 2.694353159533908126e+01
-9.767013509277844285e-01 2.381229083837769167e+01 2.694365667281022780e+01
-1.221681220738956686e+00 2.348969060414622589e+01 2.694377012557957585e+01
-1.459995976020780795e+00 2.315870672624595628e+01 2.694387307311496826e+01
-2.222912262201360178e+00 2.238492870496104814e+01 2.694396658827424318e+01
-2.447150019608588245e+00 2.203780228616013659e+01 2.694405170267802063e+01
-3.170541459927132877e+00 2.121914559427730751e+01 2.694412941196598155e+01
-2.977497188282945295e+00 2.104170311609736643e+01 2.694410608368045246e+01
-3.422775578629402293e+00 2.043010548866875808e+01 2.694416926938627910e+01
-4.105924109572228531e+00 1.957098617291826770e+01 2.694422655348455464e+01
-4.017012059069100971e+00 1.898708598727463936e+01 2.694431917578326363e+01
-3.956213918319703371e+00 1.863598847511507728e+01 2.694438570206454031e+01
-2.648284521824546989e+00 1.305598912437100267e+01 2.694574791310743933e+01
-2.527365243549148044e+00 1.269206516256492634e+01 2.694587230680346224e+01
-2.399682610069263866e+00 1.233068956915108139e+01 2.694599383720930774e+01
-2.264233426263800197e+00 1.197245217756060498e+01 2.694611263631635012e+01
-2.120311744039714341e+00 1.161789743260116481e+01 2.694622882926394425e+01
-1.967501000463838912e+00 1.126750324351871235e+01 2.694634253522175271e+01
-1.805575282883100208e+00 1.092170183400233441e+01 2.694645386824095823e+01
-1.607873958379913315e+00 1.056416289808822739e+01 2.694645750460032474e+01
-1.400234746169196409e+00 1.022999122516543835e+01 2.694651148218816417e+01
-1.174897654654375678e+00 9.909178881448880816e+00 2.694656318453503729e+01
-9.337104869479109226e-01 9.601958979331577382e+00 2.694661265364086944e+01
-6.774696639627864059e-01 9.309329938295576312e+00 2.694665992778202224e+01
-4.070517376235807672e-01 9.032233177088755838e+00 2.694670504179313042e+01
-1.234049783509814369e-01 8.771549124211105664e+00 2.694674802732567542e+01
1.732255381822610796e-01 8.529269733304149170e+00 2.694678891308435453e+01
4.816162734177190097e-01 8.306235817003400967e+00 2.694682772504213020e+01
7.998769060337688197e-01 8.101935513978812509e+00 2.694686448663481571e+01
1.125765242208575767e+00 7.914364722628214111e+00 2.694689921893591844e+01
1.458373716264149689e+00 7.743925131041224930e+00 2.694693194081241927e+01
1.796770942246800562e+00 7.590966449675965677e+00 2.694696266906205651e+01
2.127430326972453933e+00 7.480880485243627476e+00 2.694698562676262554e+01
2.467895150800009318e+00 7.374363839621563166e+00 2.694700950501611203e+01
2.810492933216868217e+00 7.279951160580594660e+00 2.694703141902461851e+01
3.496316372372697767e+00 7.163046936698934886e+00 2.694705137571489928e+01
4.185817825039997331e+00 7.098460752355514103e+00 2.694706938025334608e+01
5.233110174387745062e+00 7.085876510088776392e+00 2.694709264161386386e+01
6.273507723677366421e+00 7.053811455905936612e+00 2.694711035733127247e+01
6.955262956390616758e+00 7.004478651218415841e+00 2.694714716007164412e+01
7.987651444964170899e+00 6.990240882009308265e+00 2.694717150670259542e+01
1.187143909466724168e+01 6.794822373247750846e+00 2.694730919175311357e+01
1.591025669145040133e+01 6.935049977652370856e+00 2.694739423740391260e+01
1.636024755857752666e+01 6.973319607791976793e+00 2.694741347305875934e+01
1.671839909519002276e+01 7.005512030691390279e+00 2.694742312631224479e+01
1.707064759160725487e+01 7.058014546064094397e+00 2.694743074130633431e+01
1.756717716611709434e+01 7.285995721365137179e+00 2.694743021472417155e+01
1.798290628144453152e+01 7.448394583828365612e+00 2.694743066962784184e+01
1.824216987524627243e+01 7.465900292947754480e+00 2.694742686434467061e+01
1.859714743694198091e+01 7.693809089221393727e+00 2.694742578560643409e+01
1.892656732940442055e+01 7.882340136608640080e+00 2.694742064300827167e+01
1.924587354814820372e+01 8.085565921004267409e+00 2.694741329452689271e+01
1.955605291546613245e+01 8.300746725508531654e+00 2.694740369658814672e+01
1.985190616116688034e+01 8.532714810075933798e+00 2.694739179971777077e+01
2.013236153726052891e+01 8.780504252637623352e+00 2.694737754803523799e+01
2.039641269909865429e+01 9.043080460093081641e+00 2.694736087869764418e+01
2.064537087355762068e+01 9.317660314894322227e+00 2.694734172129071936e+01
2.087856955360715006e+01 9.603365607242238866e+00 2.694731999716397297e+01
2.109296944923373474e+01 9.900700493163798299e+00 2.694729561870669698e+01
2.128784518436011197e+01 1.020841620884016265e+01 2.694726848856151236e+01
2.146255435784760124e+01 1.052521932998344134e+01 2.694723849877186694e+01
2.200816305974510811e+01 1.363003139941845632e+01 2.694693013263071890e+01
2.205163460062114922e+01 1.549767099251966762e+01 2.694686964766220427e+01
2.199135670264150377e+01 1.683387459343114756e+01 2.694680383901347298e+01
2.201823078817438173e+01 2.162608596616017564e+01 2.694632134464757200e+01
2.199962813026967012e+01 2.189828128091500048e+01 2.694625467779770744e+01
2.195514820618762997e+01 2.216577389305307122e+01 2.694618088288675395e+01
2.188506613175311344e+01 2.242653025665289235e+01 2.694609959211812367e+01
2.179780723660845609e+01 2.268149518061301961e+01 2.694601039436261303e+01
2.001802570612418464e+01 2.485143823033273236e+01 2.694470578928076421e+01
1.969688734573243138e+01 2.503741221761579538e+01 2.694445391950618074e+01
1.936621764451793481e+01 2.520846035908995475e+01 2.694418543252193743e+01
1.902598377968499932e+01 2.536260345633372992e+01 2.694389891498770595e+01
1.875541692813648353e+01 2.545547567327850658e+01 2.694395829434387579e+01
1.843697782102141147e+01 2.554933008605254585e+01 2.694381742438576666e+01
1.811358873745893305e+01 2.562906368810252999e+01 2.694365732910440414e+01
1.778510862478822219e+01 2.569179990328627383e+01 2.694347711740441298e+01
1.647462141220243126e+01 2.587204127545411581e+01 2.694303332205322832e+01
1.595677184060130571e+01 2.596889850307879755e+01 2.694280981715378331e+01
1.450388448606515723e+01 2.630052275576907306e+01 2.694208961480460474e+01
1.336238012510774809e+01 2.638848403620056615e+01 2.694217594214402212e+01
1.206428512286118959e+01 2.653469846387926623e+01 2.694193557568910791e+01
1.076186030017725415e+01 2.671092744907794980e+01 2.694166631391066247e+01
9.162701327810085061e+00 2.691531140824129054e+01 2.694114158957892613e+01
5.255187465878388586e+00 2.709279415180504813e+01 2.693908932312816518e+01
4.584997019663295426e+00 2.715786262172956000e+01 2.693693149551165789e+01
3.885948858806119510e+00 2.713509379756320783e+01 2.693974269777573483e+01
3.542930047454788234e+00 2.712046578284005705e+01 2.694028657288565753e+01
3.202477689426536323e+00 2.709161077340933588e+01 2.694079887624092606e+01
2.865150809741293436e+00 2.704863487345934914e+01 2.694128229590351964e+01
2.214062566648495434e+00 2.689271102992617557e+01 2.694173940375391396e+01
1.283256351507593429e+00 2.645312896651923396e+01 2.694276491626585823e+01
9.865598786071136939e-01 2.623857797676657810e+01 2.694291495114039847e+01
7.053605322551498302e-01 2.600716043399318167e+01 2.694304693537984718e+01
4.412060469012831221e-01 2.575947784550758968e+01 2.694316174101599159e+01
1.930887689622198811e-01 2.549832945872748269e+01 2.694326015989269152e+01
-3.929341472225900134e-02 2.522544514986773834e+01 2.694334290689655376e+01
-1.681049593088573824e+00 1.060837913610095029e+01 2.694650420689123393e+01
-1.535628530653760482e+00 1.030429713296486405e+01 2.694655226638442969e+01
-1.369961639310154133e+00 1.001078789103676669e+01 2.694659808733324269e+01
-1.185983148258270781e+00 9.728349728976677824e+00 2.694664170656457358e+01
-9.844075319773225585e-01 9.458070711155322385e+00 2.694668315738806541e+01
-7.660145972660985514e-01 9.200993163548503162e+00 2.694672246984098862e+01
-5.316464612568772008e-01 8.958109798110641009e+00 2.694675967091040292e+01
-2.822043257345421829e-01 8.730360031150450340e+00 2.694679478473349832e+01
-1.864505607348603683e-02 8.518626502279591506e+00 2.694682783277686156e+01
2.580224304945473723e-01 8.323731805769604364e+00 2.694685883399536408e+01
5.467409600573116535e-01 8.146435447428885368e+00 2.694688780497126146e+01
8.464090695702823908e-01 7.987431038575216746e+00 2.694691476003405484e+01
1.154019414899797980e+00 7.843466101513250521e+00 2.694693971136148747e+01
1.468255892763938419e+00 7.713585764383831034e+00 2.694696266906205651e+01
2.121921495835182192e+00 7.489749809067435038e+00 2.694700950501611203e+01
2.460383247635801851e+00 7.398651831012893254e+00 2.694703141902461851e+01
2.802048186880050196e+00 7.320484216095815455e+00 2.694705137571489928e+01
3.489903301757807164e+00 7.184828845471272984e+00 2.694706938025334608e+01
4.527911436862357419e+00 7.071539648044701920e+00 2.694709984301641725e+01
5.572207286199718723e+00 7.053757812643041802e+00 2.694711035733127247e+01
1.497081343225375782e+01 6.826758113877339440e+00 2.694738667133061938e+01
1.551632225037548096e+01 6.868527193198607605e+00 2.694739423740391260e+01
1.736438596088695263e+01 7.132251495261043850e+00 2.694743173859821894e+01
1.764421285383311755e+01 7.236506908846253694e+00 2.694743066962784184e+01
1.856922549195180494e+01 7.615521756650261764e+00 2.694742282555248281e+01
1.921423874244357677e+01 7.967637280628346197e+00 2.694741118210617259e+01
1.953345747752283046e+01 8.166421865800849389e+00 2.694740132970705560e+01
1.983757474169152957e+01 8.383820962772087881e+00 2.694738917872383865e+01
2.012819624116598050e+01 8.616061439319418369e+00 2.694737467196975800e+01
2.040478071417009431e+01 8.862244952146177468e+00 2.694735774535185158e+01
2.115720021151387442e+01 9.786873467377892766e+00 2.694723849877186694e+01
2.155539588968080977e+01 1.061698667964866516e+01 2.694718740376927002e+01
2.166294373864200651e+01 1.085273262607264222e+01 2.694716067010146787e+01
2.175207870595101411e+01 1.109272144354368805e+01 2.694713068049624383e+01
2.102298611534514805e+01 2.399132254967190647e+01 2.694515255339676330e+01
1.860504639925254367e+01 2.550192412446735091e+01 2.694369807440537556e+01
1.817739620281285085e+01 2.561616868721733908e+01 2.694347711740441298e+01
1.733873175084580254e+01 2.581708079490620378e+01 2.694304469348882236e+01
1.693034590012831231e+01 2.590329927968487311e+01 2.694280981715378331e+01
1.312937484315893144e+01 2.638513175886376061e+01 2.694176199422096118e+01
1.225814090203736484e+01 2.645008999654029225e+01 2.694140408167444178e+01
1.139907480619938696e+01 2.650202044350358577e+01 2.694101400027372506e+01
1.006735173749948409e+01 2.651747696244877517e+01 2.694058973019474124e+01
8.815104408359790256e+00 2.655768988707386669e+01 2.694012910290238949e+01
7.395353450152806651e+00 2.671240872548248291e+01 2.693962979520143364e+01
6.352928238662532756e+00 2.691633248418443003e+01 2.693908932312816518e+01
3.830298075121989054e+00 2.712805186107464550e+01 2.677006702523420500e+01
2.706203761875301872e+00 2.719386420198300769e+01 2.652084426393709293e+01
1.589732503700622024e+00 2.734008712746777192e+01 2.627153617591722679e+01
5.041555642549380156e-01 2.764140882907132379e+01 2.602213085356869016e+01
-5.255733423647492852e-01 2.809665872192141478e+01 2.577261606087635215e+01
-1.167071078579858812e+00 2.849666920873774245e+01 2.560526377710080581e+01
-1.759490458075669173e+00 2.896562710770459148e+01 2.543777645376179208e+01
-2.295330286359074101e+00 2.949743953197843638e+01 2.527014070236519672e+01
-2.962649369197190907e+00 3.040142690328141128e+01 2.502005812381928962e+01
-3.342290244017911416e+00 3.105138300103804738e+01 2.485208356872971791e+01
-3.524866453963946711e+00 3.138698211496925339e+01 2.476620225257241614e+01
-3.848753929738970125e+00 3.206560299452299745e+01 2.459782973015492402e+01
-4.139726498570617252e+00 3.275845851947278220e+01 2.443315809530157878e+01
-4.408523376125050852e+00 3.345963281678393741e+01 2.430907869021571344e+01
-4.646310647509075409e+00 3.417125691834519330e+01 2.418474339755758251e+01
-5.006111438119262402e+00 3.529376473800437708e+01 2.400022727641119502e+01
-5.328276175612426613e+00 3.645710206839586931e+01 2.381541941243150262e+01
-5.657704262304005027e+00 3.761822603956526478e+01 2.363030090820668505e+01
-6.083893075127090100e+00 3.916667604076302922e+01 2.337245218359453958e+01
-6.419149014331606118e+00 4.073626799052362912e+01 2.311008876265145773e+01
-6.655254407551538520e+00 4.272469134840862637e+01 2.274846814638403458e+01
-6.674375944403911021e+00 4.392561164234822257e+01 2.251400885431108634e+01
-6.514404393863449272e+00 4.511185203750561357e+01 2.227913401981618335e+01
-6.320346607421348573e+00 4.588333016627861127e+01 2.211969299048081083e+01
-6.076228652276135733e+00 4.663841514896827789e+01 2.195978933148763446e+01
-5.789377608758600857e+00 4.737617317560275865e+01 2.179939835902753131e+01
-5.457988034905420172e+00 4.809267715645464136e+01 2.163849462100299093e+01
-5.092082058618881746e+00 4.878993244521316797e+01 2.147705189355922784e+01
-4.470009609580040788e+00 4.979691945698233724e+01 2.123917066617566718e+01
-3.747395498039971073e+00 5.073141358272926027e+01 2.100069568384610363e+01
-3.222867059175734461e+00 5.130731381148372350e+01 2.083747092327885753e+01
-3.851717688332400691e+00 5.081406114684232023e+01 2.098921595064952328e+01
-3.425281183466843515e+00 5.118075419360339851e+01 2.085658713595470459e+01
-2.553041900610796944e+00 5.196407832100447877e+01 2.061550274948545081e+01
-1.618488409027586616e+00 5.266639633178723301e+01 2.037368901055439707e+01
-9.808410018382984763e-01 5.309319671318233702e+01 2.017261138047297209e+01
-6.721187180169629904e-01 5.328872960436336825e+01 2.003477060633556306e+01
-3.638756623577030225e-01 5.348114165426119371e+01 1.989963612665107462e+01
-5.702335861853314453e-02 5.367179510988351865e+01 1.977797199486347068e+01
5.924738157654894088e-01 5.406392189505746160e+01 1.952649059785088070e+01
1.591712280368623667e+00 5.464509614202628995e+01 1.921241503603774348e+01
2.610129184151682935e+00 5.518611169103653680e+01 1.898091313716115280e+01
3.636120628140136368e+00 5.570680408445088005e+01 1.872781791384597838e+01
4.303459943648803687e+00 5.604538751027212840e+01 1.856847697429024890e+01
5.324969507346729358e+00 5.656328939430714797e+01 1.831627684708236359e+01
6.722248960814560803e+00 5.721537802350970026e+01 1.798668222570299946e+01
7.773028970441566265e+00 5.765524292789065441e+01 1.758049028569355698e+01
8.822872960175605073e+00 5.808964381381819919e+01 1.717730288634151492e+01
1.063162379832899518e+01 5.876940861586763276e+01 1.652198227888716886e+01
1.208896624124559160e+01 5.923190930265826637e+01 1.599084050115963507e+01
1.356078692556901899e+01 5.963417690188170184e+01 1.545838844100159726e+01
1.505393326001999021e+01 5.992934631427725378e+01 1.492458723038556201e+01
1.657064770921383712e+01 6.001877869471780258e+01 1.438939804952867441e+01
1.768786005386282767e+01 5.994408543089092234e+01 1.397823246469157610e+01
1.839715327178308613e+01 5.982373918051901285e+01 1.369105197216903846e+01
1.986956573240072998e+01 5.945949656113418769e+01 1.311054503791855375e+01
2.053182319841401693e+01 5.917143083543447801e+01 1.279303818818751637e+01
2.107008097283003423e+01 5.889584829997984627e+01 1.247395261290100521e+01
2.186674427612950922e+01 5.838044210722362948e+01 1.201416028595869179e+01
2.259498807663013054e+01 5.776071077991721836e+01 1.155271598764992191e+01
2.326845031465439817e+01 5.707657599233677104e+01 1.108958408870692125e+01
2.405974232081132413e+01 5.603112426048733141e+01 1.056633079739218317e+01
2.483274310190131473e+01 5.455355295871510890e+01 1.022499860992727605e+01
2.549829638175572910e+01 5.266230976368196792e+01 9.823478033165828904e+00
2.597662057900155119e+01 5.101319175933132755e+01 9.430108783844154630e+00
2.631596856457854017e+01 4.977974899076875204e+01 9.087029487484160839e+00
2.699382615313417944e+01 4.745527427087159111e+01 8.546891246824024790e+00
2.730248327045089951e+01 4.635079898862376524e+01 8.281103420445415253e+00
2.799041329753574558e+01 4.456267910130881660e+01 7.776080915538399196e+00
2.833146250869122795e+01 4.350033433574294861e+01 7.713589307338906131e+00
2.851526423998236481e+01 4.278726794077338980e+01 7.649111736992672661e+00
2.870536462011564538e+01 4.207849141008442473e+01 7.582626169061764898e+00
2.903345110764691128e+01 4.101413469878423967e+01 7.514112344726787462e+00
2.952840658596606360e+01 3.960755723165054576e+01 7.443551867062947025e+00
2.985660481678385381e+01 3.854583215294658771e+01 7.370928284162089561e+00
3.004476689491272978e+01 3.784148761688732776e+01 7.296227169802151025e+00
3.020700457105995440e+01 3.723585534861939550e+01 7.219436201367491535e+00
3.042052641825616632e+01 3.659429476363003886e+01 7.140545234726902279e+00
3.076574809812628786e+01 3.571597970693352408e+01 7.059546375780644034e+00
3.099677754248250494e+01 3.506353859233932724e+01 6.976434048393748810e+00
3.139468796787309657e+01 3.419101369907139087e+01 6.891205058439928699e+00
3.203334528564126060e+01 3.298522485580807029e+01 6.803858653688839908e+00
3.209474831808320516e+01 3.268686972545633296e+01 6.714396579279080512e+00
3.287911120173378521e+01 3.140929075520497094e+01 6.622823128530141545e+00
3.366457455307831026e+01 3.013396440143344890e+01 6.529145188858569426e+00
3.445026788149010599e+01 2.886026793732463602e+01 6.433372282576774737e+00
3.477257504561055157e+01 2.822564432817966207e+01 6.335516602367189165e+00
3.559427652973234046e+01 2.698249767202922555e+01 6.235593041239801515e+00
3.637624317395426488e+01 2.571072844748024977e+01 6.133619216797406182e+00
3.669272839087852844e+01 2.507599746525498929e+01 6.029615489650136162e+00
3.723083705227909945e+01 2.411656854832633101e+01 5.923604975838925313e+00
3.775123546104032357e+01 2.314579698285017528e+01 5.815613553146425474e+00
3.827779530115246587e+01 2.218080469367718877e+01 5.705669861193455539e+00
3.858587838117449564e+01 2.154536764744978683e+01 5.593805295239235420e+00
3.890498094925675332e+01 2.091942897329678885e+01 5.480053993624363962e+00
3.923003088803336880e+01 2.029934260727420536e+01 5.364452818816637603e+00
3.955347713166543144e+01 1.967938424886080995e+01 5.247041332041273876e+00
3.984939675166490503e+01 1.904071755131187871e+01 5.127861761498817117e+00
4.026863323610807299e+01 1.801806185862202980e+01 5.006958964195868056e+00
4.038772584286159884e+01 1.729075787612839221e+01 4.884380381435649454e+00
4.041140053391256970e+01 1.653676329916885734e+01 4.760175988037254058e+00
4.033699408280400434e+01 1.576854104578913152e+01 4.634398235374064257e+00
4.016345060096916342e+01 1.499875344571160696e+01 4.507101988343189092e+00
3.980320432516950291e+01 1.385629283154927904e+01 4.378344456398739482e+00
3.910990461819839936e+01 1.245314123276473417e+01 4.248185118802226157e+00
3.804303321968519214e+01 1.077308631519125548e+01 4.116685644263210264e+00
3.731296455320160987e+01 9.823479365444576672e+00 3.983909805162458184e+00
3.590217333914726083e+01 7.969773174391961312e+00 3.849923386568100625e+00
3.493353580919217904e+01 7.220151245534530915e+00 3.714794090272592886e+00
3.416632503511991104e+01 6.824290366115286943e+00 3.578591434094454016e+00
3.335264451907320193e+01 6.511584430576899507e+00 3.441386646703720409e+00
3.286460878148223230e+01 6.400266023158968309e+00 3.303252558243626069e+00
3.200367173324465853e+01 6.217159648152382090e+00 3.164263487033120992e+00
3.112354623047906443e+01 6.127420951670254468e+00 3.024495122645260548e+00
3.023603947171657325e+01 6.132745744365937668e+00 2.884024405665171820e+00
2.935062091680686081e+01 6.208679978687664303e+00 2.742929404438040564e+00
2.846719480372118838e+01 6.294707498123666589e+00 2.601289189122299561e+00
2.758678972778447047e+01 6.401489862670818987e+00 2.459183703365818374e+00
2.633095721597555894e+01 6.548356913408591495e+00 2.316693633923374129e+00
2.545012477199863810e+01 6.626890883517460473e+00 2.173900278532038488e+00
2.164611386828321571e+01 2.189195003386031502e+01 1.426489641756496063e+00
2.153192351845520491e+01 2.337292140154240627e+01 1.398374433823066809e+00
2.139922640690164357e+01 2.369819518340852937e+01 1.370433072590540480e+00
2.124890902804475701e+01 2.402145950078605097e+01 1.342682130823542153e+00
2.039750493145802679e+01 2.595219813247136642e+01 1.163306284341611319e+00
2.017965770813301774e+01 2.633944798549732624e+01 1.136443054194528512e+00
1.993867640101436223e+01 2.671478675196890862e+01 1.109907344274370100e+00
1.967549593208461545e+01 2.707660801262073846e+01 1.083713841080544471e+00
1.939116871561265754e+01 2.742339154163987303e+01 1.057876786753233045e+00
1.908684236036071979e+01 2.775370190716341412e+01 1.032409960208244382e+00
1.876375022687842531e+01 2.806619081141395000e+01 1.007326659515988210e+00
1.842750548265674126e+01 2.836420193891803265e+01 9.826396855563823696e-01
1.808939640594957865e+01 2.865882987611438182e+01 9.583613269772867094e-01
1.760103366510799461e+01 2.894059814253287044e+01 8.919340974290053126e-01
1.719371216802731439e+01 2.912235319547869850e+01 8.715293673299219224e-01
1.678022986365429148e+01 2.929072195312935989e+01 8.515824993490639372e-01
1.636166638545628160e+01 2.944659844737989829e+01 8.321013294654997505e-01
1.593659705335467436e+01 2.958538055633918873e+01 8.130931223421208331e-01
1.550640168019946330e+01 2.970820881459651730e+01 7.945645687599710572e-01
1.426671090977670531e+01 2.997957290275583020e+01 7.625999496558354407e-01
1.382463732344969287e+01 3.000484047248391306e+01 7.496581897313097098e-01
1.338299110715465901e+01 3.002479688753651743e+01 7.372138561266396994e-01
1.294086789345350219e+01 3.002969255386400960e+01 7.252695012102142735e-01
1.249922311137408926e+01 3.002571102482992416e+01 7.138271143647377803e-01
1.061504017832293378e+01 3.007039762078184708e+01 6.924576735472258715e-01
9.332914591246700198e+00 2.991627942070747892e+01 6.503890452933760447e-01
7.828752847958626582e+00 2.977506637112075083e+01 6.169696690190957789e-01
6.260073430963536190e+00 2.961687803869534719e+01 5.885624005630092359e-01
5.081139253695491576e+00 2.950228103892075637e+01 5.769947461638672559e-01
3.902557240930009996e+00 2.941906499463878077e+01 5.659413595430033972e-01
2.725054001802643011e+00 2.935298335190771013e+01 5.554012985298497629e-01
-9.593182710469962959e-01 2.870587790050056753e+01 4.701640220905684009e-01
-1.708563110998146506e+00 2.856209107456854923e+01 4.607762231426559274e-01
-3.102585812772508778e+00 2.816631088369314284e+01 3.941710933288888885e-01
-3.430893916504111463e+00 2.801462790005489012e+01 3.839024583183208716e-01
-4.838142246538147617e+00 2.708939963682956176e+01 3.065521713897515488e-01
-5.096675086816425448e+00 2.686786800089194216e+01 2.986752339960760394e-01
-5.333584907439208322e+00 2.662859063989815311e+01 2.912849143314505396e-01
-5.547580519208477057e+00 2.637212911056883513e+01 2.843860619883724627e-01
-5.737446221397997981e+00 2.609905640429371942e+01 2.779847434505579584e-01
-5.903463015691908566e+00 2.581065775297257403e+01 2.720882350631552704e-01
-6.046127075423402886e+00 2.550797192185374485e+01 2.667049595115982830e-01
-6.164641676276303883e+00 2.519125916704439661e+01 2.618443658431711674e-01
-6.258291418704811093e+00 2.486079412601878857e+01 2.575167547103320298e-01
-6.321853676002033851e+00 2.451579642840131612e+01 2.537330518181193928e-01
-6.367094711659163409e+00 2.415934415897288190e+01 2.505045335365004844e-01
-6.455968066296604135e+00 2.341133758182330382e+01 2.478425094244372517e-01
-6.516097213221330620e+00 2.264982473359057735e+01 2.457579672250441161e-01
-6.542825968042309093e+00 2.187455134541905011e+01 2.442611869786571466e-01
-6.576287762751501731e+00 2.070285320329864476e+01 2.433613324632740715e-01
-6.609918330829851030e+00 1.913425362900252935e+01 2.430660302858511090e-01
-6.592132022986204376e+00 1.832229609274094173e+01 2.433809495123552824e-01
-6.550383939806522449e+00 1.749780750922250405e+01 2.443093974522036471e-01
-6.496009509299405238e+00 1.627660958330903185e+01 2.458519496748887423e-01
-6.442687291929819260e+00 1.465937293521331597e+01 2.480061340284476779e-01
-6.425156729495012264e+00 1.269620793651165513e+01 2.507661888326967459e-01
-6.408367679368386582e+00 1.116355063259174329e+01 2.541229140955800214e-01
-6.408472221572433902e+00 9.579280473204928370e+00 2.580636313452343567e-01
-6.439919286175380009e+00 7.945663510925260908e+00 2.625722626746093136e-01
-6.501293176962779974e+00 6.308052758386024195e+00 2.676295334683008731e-01
-6.582342499464548524e+00 4.777279297885373310e+00 2.732132962166947676e-01
-6.605542115510539602e+00 3.591403083769328930e+00 2.792989646901505307e-01
-6.582611045903326463e+00 2.753415911589593534e+00 2.858600395241822634e-01
-6.537698090737717571e+00 1.912685015375322761e+00 2.928687005330277149e-01
-6.364921743835536105e+00 1.074104036375857163e+00 3.036972906979360509e-01
-6.264628541691280361e+00 7.248543224740480184e-01 3.079185873148283514e-01
-5.810103590537265106e+00 -4.199850091448167899e-01 3.360382384116308296e-01
-5.607322947320168893e+00 -7.937612295164937493e-01 3.439837773567178125e-01
-5.176540180812446934e+00 -1.403791166578557625e+00 3.505350648231276844e-01
-4.948608765410375199e+00 -1.636028148369901292e+00 3.493981715475238392e-01
-4.703211720942940488e+00 -1.854121095580561152e+00 3.484908598601522689e-01
-4.441416202549626213e+00 -2.049154056498172061e+00 3.477851814716912404e-01
-4.165249577216908250e+00 -2.222675937795068446e+00 3.472534863054418386e-01
-3.880003601989794326e+00 -2.388011928172102394e+00 3.468717883864921303e-01
-3.584558106787564036e+00 -2.550360012679659949e+00 3.466230142591048002e-01
-3.278233471421734713e+00 -2.710674644712843584e+00 3.464986271954111352e-01
